[Parameters]
rho1 = -0.26
rho2 = -1.05
rho3 = -1.06
rho4 = -1.10
rho5 = -1.33
rho6 = -1.42
rho7 = -1.52
rho8 = -1.41
rho9 = -1.03
rho10 = -1.09
rho11 = -1.61
rho12 = -1.04
rho13 = -1.68
rho14 = -1.09
rho15 = -1.46
rho16 = -1.33
lead = 82000 -1.0
leadrho = -11.348
concrete =1001 -0.022095
	1002 -0.000005
	6000 -0.002484
	8016 -0.573373
	11023 -0.015208
	12000 -0.001266
	13027 -0.019953
	14028 -0.279872
	14029 -0.014719
	14030 -0.010036
	19000 -0.010045
	20000 -0.042951
	26054 -0.000363
	26056 -0.005914
	26057 -0.000139
	26058 -0.000019
concreterho = -2.40
pe = 1001 -0.143711
	6000 -0.856289
perho = -0.94
custom = 74000 -1.0
customrho = -19.3
shieldHeight = 220
icntl = 0
ih2o = 69
dtime = -10.00
actlow = 1.0e-10
mpi = 1
ncore = 10
outfile = phits.out
runphits = 0
backup = 0
